4.430e-2	0.8344	1.640e-1
4.510e-2	0.8368	1.730e-1
4.590e-2	0.8373	1.830e-1
4.680e-2	0.8377	1.950e-1
4.770e-2	0.8383	2.080e-1
4.860e-2	0.8404	2.230e-1
4.960e-2	0.8472	2.400e-1
5.060e-2	0.8552	2.500e-1
5.170e-2	0.8605	2.590e-1
5.280e-2	0.8625	2.680e-1
5.390e-2	0.8616	2.790e-1
5.510e-2	0.8609	2.970e-1
5.640e-2	0.8642	3.190e-1
5.770e-2	0.8692	3.400e-1
5.900e-2	0.8776	3.660e-1
6.050e-2	0.8930	3.920e-1
6.200e-2	0.9104	4.160e-1
6.360e-2	0.9309	4.400e-1
6.530e-2	0.9537	4.640e-1
6.700e-2	0.9819	4.920e-1
6.890e-2	1.0233	5.170e-1
7.080e-2	1.0673	5.280e-1
7.290e-2	1.1120	5.330e-1
7.380e-2	1.1313	5.340e-1
7.510e-2	1.1575	5.310e-1
7.750e-2	1.2004	5.240e-1
8.000e-2	1.2384	5.100e-1
8.270e-2	1.2732	5.000e-1
8.550e-2	1.3216	4.990e-1
8.860e-2	1.3896	4.680e-1
9.180e-2	1.4164	3.800e-1
9.300e-2	1.4091	3.600e-1
9.540e-2	1.4006	3.390e-1
9.920e-2	1.4017	3.180e-1
1.033e-1	1.4093	2.910e-1
1.078e-1	1.4022	2.510e-1
1.100e-1	1.3924	2.440e-1
1.127e-1	1.3842	2.390e-1
1.140e-1	1.3807	2.390e-1
1.181e-1	1.3819	2.440e-1
1.210e-1	1.3963	2.470e-1
1.240e-1	1.4092	2.240e-1
1.272e-1	1.4026	1.950e-1
1.295e-1	1.3801	1.740e-1
1.305e-1	1.3630	1.720e-1
1.319e-1	1.3414	1.800e-1
1.333e-1	1.3238	1.940e-1
1.348e-1	1.3060	2.130e-1
1.362e-1	1.2905	2.430e-1
1.370e-1	1.2889	2.710e-1
1.378e-1	1.2893	2.890e-1
1.387e-1	1.3019	3.340e-1
1.393e-1	1.3203	3.440e-1
1.409e-1	1.3630	3.820e-1
1.425e-1	1.4187	4.010e-1	
1.435e-1	1.4583	4.065e-1
1.442e-1	1.4903	4.050e-1
1.450e-1	1.5213	3.890e-1
1.459e-1	1.5538	3.770e-1
1.468e-1	1.5778	3.450e-1
1.476e-1	1.5964	3.320e-1
1.480e-1	1.6065	3.150e-1
1.485e-1	1.6117	2.980e-1
1.494e-1	1.6192	2.740e-1
1.512e-1	1.6252	2.280e-1
1.531e-1	1.6340	1.980e-1
1.540e-1	1.6369	1.720e-1
1.550e-1	1.6383	1.560e-1
1.569e-1	1.6372	1.100e-1
1.580e-1	1.6323	8.300e-2
1.589e-1	1.6222	5.800e-2
1.610e-1	1.5827	2.200e-2
1.625e-1	1.5564	1.000e-2
1.648e-1	1.5245	3.000e-3
1.669e-1	1.5032	1.000e-3
1.692e-1	1.4850	3.000e-4
1.713e-1	1.4723	1.000e-4
1.737e-1	1.4599	3.000e-5
1.757e-1	1.4511	1.000e-5
1.779e-1	1.4427	3.00e-6
1.802e-1	1.4350	1.000e-6
1.809e-1	1.4328	7.000e-7
1.821e-1	1.4292	4.000e-7
1.833e-1	1.4260	2.000e-7
1.843e-1	1.4232	1.000e-7
1.850e-1	1.4214	6.377e-8
1.860e-1	1.4190	3.75e-8
1.870e-1	1.4166	2.800e-8
1.880e-1	1.4143	2.400e-8
1.890e-1	1.4122	2.200e-8
1.900e-1	1.4101	1.900e-8
1.910e-1	1.4081	1.750e-8
1.930e-1	1.4042	1.640e-8
1.950e-1	1.4007	1.590e-8
2.100e-1	1.3800	1.325e-8
2.500e-1	1.3509	8.623e-9
3.000e-1	1.3339	5.504e-9
3.500e-1	1.3249	3.765e-9
4.000e-1	1.3194	2.710e-9
4.100e-1	1.3185	2.510e-9
4.200e-1	1.3177	2.260e-9
4.300e-1	1.3170	2.080e-9
4.400e-1	1.3163	1.910e-9
4.500e-1	1.3157	1.540e-9
4.600e-1	1.3151	1.530e-9
4.700e-1	1.3145	1.550e-9
4.800e-1	1.3140	1.640e-9
4.900e-1	1.3135	1.780e-9
5.000e-1	1.3130	1.910e-9
5.100e-1	1.3126	2.140e-9
5.200e-1	1.3122	2.260e-9
5.300e-1	1.3118	2.540e-9
5.400e-1	1.3114	2.930e-9
5.500e-1	1.3110	3.110e-9
5.600e-1	1.3106	3.290e-9
5.700e-1	1.3103	3.520e-9
5.800e-1	1.3100	4.040e-9
5.900e-1	1.3097	4.880e-9
6.000e-1	1.3094	5.730e-9
6.100e-1	1.3091	6.890e-9
6.200e-1	1.3088	8.580e-9
6.300e-1	1.3085	1.040e-8
6.400e-1	1.3083	1.220e-8
6.500e-1	1.3080	1.430e-8
6.600e-1	1.3078	1.660e-8
6.700e-1	1.3076	1.890e-8
6.800e-1	1.3073	2.090e-8
6.900e-1	1.3071	2.400e-8
7.000e-1	1.3069	2.900e-8
7.100e-1	1.3067	3.440e-8
7.200e-1	1.3065	4.030e-8
7.300e-1	1.3062	4.300e-8
7.400e-1	1.3060	4.920e-8
7.500e-1	1.3058	5.870e-8
7.600e-1	1.3057	7.080e-8
7.700e-1	1.3055	8.580e-8
7.800e-1	1.3053	1.020e-7
7.900e-1	1.3051	1.180e-7
8.000e-1	1.3049	1.340e-7
8.100e-1	1.3047	1.400e-7
8.200e-1	1.3045	1.430e-7
8.300e-1	1.3044	1.450e-7
8.400e-1	1.3042	1.510e-7
8.500e-1	1.3040	1.830e-7
8.600e-1	1.3038	2.150e-7
8.700e-1	1.3037	2.650e-7
8.800e-1	1.3035	3.350e-7
8.900e-1	1.3033	3.920e-7
9.000e-1	1.3032	4.200e-7
9.100e-1	1.3030	4.440e-7
9.200e-1	1.3028	4.740e-7
9.300e-1	1.3027	5.110e-7
9.400e-1	1.3025	5.530e-7
9.500e-1	1.3023	6.020e-7
9.600e-1	1.3022	7.550e-7
9.700e-1	1.3020	9.260e-7
9.800e-1	1.3018	1.120e-7
9.900e-1	1.3017	1.330e-6
1.000e-0	1.3015	1.620e-6
1.010e-0	1.3013	2.000e-6
1.020e-0	1.3012	2.250e-6
1.030e-0	1.3010	2.330e-6
1.040e-0	1.3008	2.330e-6
1.050e-0	1.3006	2.170e-6
1.060e-0	1.3005	1.960e-6
1.070e-0	1.3003	1.810e-6
1.080e-0	1.3001	1.740e-6
1.090e-0	1.3000	1.730e-6
1.100e-0	1.2998	1.700e-6
1.110e-0	1.2996	1.760e-6
1.120e-0	1.2995	1.820e-6
1.130e-0	1.2993	2.040e-6
1.140e-0	1.2991	2.250e-6
1.150e-0	1.2989	2.290e-6
1.160e-0	1.2987	3.040e-6
1.170e-0	1.2985	3.840e-6
1.180e-0	1.2984	4.770e-6
1.190e-0	1.2982	5.760e-6
1.200e-0	1.2980	6.710e-6
1.210e-0	1.2978	8.660e-6
1.220e-0	1.2976	1.020e-5
1.230e-0	1.2974	1.130e-5
1.240e-0	1.2972	1.220e-5
1.250e-0	1.2970	1.290e-5
1.260e-0	1.2969	1.320e-5
1.270e-0	1.2967	1.350e-5
1.280e-0	1.2965	1.330e-5
1.290e-0	1.2963	1.320e-5
1.300e-0	1.2961	1.320e-5
1.310e-0	1.2958	1.310e-5
1.320e-0	1.2956	1.320e-5
1.330e-0	1.2954	1.320e-5
1.340e-0	1.2952	1.340e-5
1.350e-0	1.2950	1.390e-5
1.360e-0	1.2948	1.420e-5
1.370e-0	1.2945	1.480e-5
1.380e-0	1.2943	1.580e-5
1.390e-0	1.2941	1.740e-5
1.400e-0	1.2938	1.980e-5
1.410e-0	1.2936	2.500e-5
1.420e-0	1.2933	5.400e-5
1.430e-0	1.2930	1.040e-4
1.440e-0	1.2927	2.030e-4
1.449e-0	1.2925	2.708e-4
1.460e-0	1.2923	3.511e-4
1.471e-0	1.2921	4.299e-4
1.481e-0	1.2919	5.181e-4
1.493e-0	1.2917	5.855e-4
1.504e-0	1.2915	5.899e-4
1.515e-0	1.2913	5.635e-4
1.527e-0	1.2911	5.480e-4
1.538e-0	1.2908	5.266e-4
1.563e-0	1.2903	4.394e-4
1.587e-0	1.2896	3.701e-4
1.613e-0	1.2889	3.372e-4
1.650e-0	1.2878	2.410e-4
1.680e-0	1.2869	1.890e-4
1.700e-0	1.2862	1.660e-4
1.730e-0	1.2852	1.450e-4
1.760e-0	1.2841	1.280e-4
1.800e-0	1.2826	1.030e-4
1.830e-0	1.2814	8.600e-5
1.840e-0	1.2809	8.220e-5
1.850e-0	1.2805	8.030e-5
1.855e-0	1.2802	8.500e-5
1.860e-0	1.2800	9.900e-5
1.870e-0	1.2795	1.500e-4
1.890e-0	1.2785	2.950e-4
1.905e-0	1.2777	4.687e-4
1.923e-0	1.2769	7.615e-4
1.942e-0	1.2761	1.010e-3
1.961e-0	1.2754	1.313e-3
1.980e-0	1.2747	1.539e-3
2.000e-0	1.2740	1.588e-3
2.020e-0	1.2733	1.540e-3
2.041e-0	1.2724	1.412e-3
2.062e-0	1.2714	1.244e-3
2.083e-0	1.2703	1.068e-3
2.105e-0	1.2690	8.414e-4
2.130e-0	1.2674	5.650e-4
2.150e-0	1.2659	4.320e-4
2.170e-0	1.2644	3.500e-4
2.190e-0	1.2628	2.870e-4
2.220e-0	1.2604	2.210e-4
2.240e-0	1.2586	2.030e-4
2.245e-0	1.2582	2.010e-4
2.250e-0	1.2577	2.030e-4
2.260e-0	1.2567	2.140e-4
2.270e-0	1.2558	2.320e-4
2.290e-0	1.2538	2.890e-4
2.310e-0	1.2518	3.810e-4
2.330e-0	1.2497	4.620e-4
2.350e-0	1.2475	5.480e-4
2.370e-0	1.2451	6.180e-4
2.390e-0	1.2427	6.800e-4
2.410e-0	1.2400	7.300e-4
2.430e-0	1.2373	7.820e-4
2.460e-0	1.2327	8.480e-4
2.500e-0	1.2258	9.250e-4
2.520e-0	1.2220	9.200e-4
2.550e-0	1.2155	8.920e-4
2.565e-0	1.2118	8.700e-4
2.580e-0	1.2079	8.900e-4
2.590e-0	1.2051	9.300e-4
2.600e-0	1.2021	1.010e-3
2.620e-0	1.1957	1.350e-3
2.675e-0	1.1741	3.420e-3
2.725e-0	1.1473	7.920e-3
2.778e-0	1.1077	2.000e-2
2.817e-0	1.0674	3.800e-2
2.833e-0	1.0476	5.200e-2
2.849e-0	1.0265	6.800e-2
2.865e-0	1.0036	9.230e-2
2.882e-0	0.9820	1.270e-1
2.899e-0	0.9650	1.690e-1
2.915e-0	0.9596	2.210e-1
2.933e-0	0.9727	2.760e-1
2.950e-0	0.9917	3.120e-1
2.967e-0	1.0067	3.470e-1
2.985e-0	1.0219	3.880e-1
3.003e-0	1.0427	4.380e-1
3.021e-0	1.0760	4.930e-1
3.040e-0	1.1295	5.540e-1
3.058e-0	1.2127	6.120e-1
3.077e-0	1.3251	6.250e-1
3.096e-0	1.4260	5.930e-1
3.115e-0	1.4966	5.390e-1
3.135e-0	1.5510	4.910e-1
3.155e-0	1.5999	4.380e-1
3.175e-0	1.6363	3.720e-1
3.195e-0	1.6502	3.000e-1
3.215e-0	1.6428	2.380e-1
3.236e-0	1.6269	1.930e-1
3.257e-0	1.6128	1.580e-1
3.279e-0	1.5924	1.210e-1
3.300e-0	1.5733	1.030e-1
3.322e-0	1.5577	8.360e-2
3.345e-0	1.5413	6.680e-2
3.367e-0	1.5265	5.400e-2
3.390e-0	1.5114	4.220e-2
3.413e-0	1.4973	3.420e-2
3.436e-0	1.4845	2.740e-2
3.460e-0	1.4721	2.200e-2
3.484e-0	1.4612	1.860e-2
3.509e-0	1.4513	1.520e-2
3.534e-0	1.4421	1.260e-2
3.559e-0	1.4337	1.060e-2
3.624e-0	1.4155	8.020e-3
3.732e-0	1.3942	6.850e-3
3.775e-0	1.3873	6.600e-3
3.847e-0	1.3773	6.960e-3
3.969e-0	1.3645	9.160e-3
4.099e-0 	1.3541	1.110e-2
4.239e-0	1.3446	1.450e-2
4.348e-0	1.3388	2.000e-2
4.387e-0	1.3381	2.300e-2
4.444e-0	1.3385	2.600e-2
4.505e-0	1.3405	2.900e-2
4.547e-0	1.3429	2.930e-2
4.560e-0	1.3442	3.000e-2
4.580e-0	1.3463	2.850e-2
4.719e-0	1.3442	1.730e-2
4.904e-0	1.3345	1.290e-2
5.000e-0	1.3290	1.200e-2
5.100e-0	1.3233	1.250e-2
5.200e-0	1.3180	1.340e-2
5.263e-0	1.3143	1.400e-2
5.400e-0	1.3062	1.750e-2
5.556e-0	1.2972	2.400e-2
5.714e-0	1.2890	3.500e-2
5.747e-0	1.2873	3.800e-2
5.780e-0	1.2860	4.200e-2
5.814e-0	1.2851	4.600e-2
5.848e-0	1.2854	5.200e-2
5.882e-0	1.2881	5.700e-2
6.061e-0	1.3016	6.900e-2
6.135e-0	1.3090	7.000e-2
6.250e-0	1.3172	6.700e-2
6.289e-0	1.3189	6.500e-2
6.329e-0	1.3204	6.400e-2
6.369e-0	1.3220	6.200e-2
6.410e-0	1.3224	5.900e-2
6.452e-0	1.3215	5.700e-2
6.494e-0	1.3204	5.600e-2
6.579e-0	1.3181	5.500e-2
6.667e-0	1.3171	5.700e-2
6.757e-0	1.3181	5.800e-2
6.897e-0	1.3195	5.700e-2
7.042e-0	1.3193	5.500e-2
7.143e-0	1.3190	5.500e-2
7.246e-0	1.3191	5.400e-2
7.353e-0	1.3180	5.200e-2
7.463e-0	1.3163	5.200e-2
7.576e-0	1.3154	5.200e-2
7.692e-0	1.3154	5.200e-2
7.812e-0	1.3155	5.000e-2
7.937e-0	1.3145	4.700e-2
8.065e-0	1.3119	4.300e-2
8.197e-0	1.3068	3.900e-2
8.333e-0	1.2993	3.700e-2
8.475e-0	1.2925	3.900e-2
8.696e-0	1.2839	4.000e-2
8.929e-0	1.2740	4.200e-2
9.091e-0	1.2672	4.400e-2
9.259e-0	1.2599	4.500e-2
9.524e-0	1.2451	4.600e-2
9.804e-0	1.2224	4.700e-2
1.000e1		1.1991	5.100e-2
1.020e1		1.1715	6.500e-2
1.031e1		1.1553	7.500e-2
1.042e1		1.1370	8.800e-2
1.053e1		1.1181	1.080e-1
1.064e1		1.1013	1.340e-1
1.075e1		1.0908	1.680e-1
1.087e1		1.0873	2.040e-1
1.100e1		1.0925	2.480e-1
1.111e1		1.1065	2.800e-1
1.136e1		1.1478	3.410e-1
1.163e1		1.2020	3.790e-1
1.190e1		1.2582	4.090e-1	
1.220e1		1.3231	4.220e-1
1.250e1		1.3857	4.220e-1
1.282e1		1.4448	4.030e-1
1.299e1		1.4717	3.890e-1
1.316e1		1.4962	3.740e-1
1.333e1		1.5165	3.540e-1
1.351e1		1.5333	3.350e-1
1.370e1		1.5490	3.150e-1
1.389e1		1.5628	2.940e-1
1.408e1		1.5732	2.710e-1
1.429e1		1.5803	2.460e-1
1.471e1		1.5792	1.980e-1
1.515e1		1.5667	1.640e-1	
1.538e1		1.5587	1.520e-1
1.563e1		1.5508	1.420e-1
1.613e1		1.5381	1.280e-1
1.639e1		1.5330	1.250e-1
1.667e1		1.5322	1.230e-1
1.695e1		1.5334	1.160e-1
1.724e1		1.5329	1.070e-1
1.818e1		1.5170	7.900e-2
1.887e1		1.5010	7.200e-2
1.923e1		1.4968	7.600e-2
1.961e1		1.4993	7.500e-2
2.000e1		1.5015	6.700e-2
2.041e1		1.4986	5.500e-2
2.083e1		1.4905	4.500e-2
2.222e1		1.4607	2.900e-2
2.260e1		1.4518	2.750e-2
2.305e1		1.4422	2.700e-2
2.360e1		1.4316	2.730e-2
2.460e1		1.4138	2.890e-2
2.500e1		1.4068	3.000e-2
2.600e1		1.3895	3.400e-2
2.857e1		1.3489	5.300e-2
3.100e1		1.3104	7.550e-2
3.333e1		1.2642	1.060e-1
3.448e1		1.2366	1.350e-1
3.564e1		1.2166	1.761e-1
3.700e1		1.2023	2.229e-1
3.824e1		1.1964	2.746e-1
3.960e1		1.1997	3.280e-1
4.114e1		1.2086	3.906e-1
4.276e1		1.2217	4.642e-1
4.358e1		1.2417	5.247e-1
4.458e1		1.2818	5.731e-1
4.550e1		1.3278	6.362e-1
4.615e1		1.3866	6.839e-1
4.671e1		1.4649	7.091e-1
4.736e1		1.5532	6.790e-1
4.800e1		1.6038	6.250e-1
4.878e1		1.6188	5.654e-1
5.003e1		1.6296	5.433e-1
5.128e1		1.6571	5.292e-1
5.275e1		1.6981	5.070e-1
5.350e1		1.7206	4.883e-1
5.424e1		1.7486	4.707e-1
5.500e1		1.7674	4.203e-1
5.574e1		1.7648	3.771e-1
5.640e1		1.7501	3.376e-1
5.700e1		1.7233	3.056e-1
5.746e1		1.6849	2.835e-1
5.840e1		1.6240	3.170e-1
5.929e1		1.5960	3.517e-1
6.000e1		1.5851	3.902e-1
6.100e1		1.5992	4.509e-1
6.125e1		1.6140	4.671e-1
6.250e1		1.6662	4.779e-1
6.378e1		1.7066	4.890e-1
6.467e1		1.7371	4.899e-1
6.558e1		1.7686	4.873e-1
6.655e1		1.8034	4.766e-1
6.760e1		1.8330	4.508e-1
6.900e1		1.8568	4.193e-1
7.053e1		1.8741	3.880e-1
7.300e1		1.8911	3.433e-1
7.500e1		1.8992	3.118e-1
7.629e1		1.9043	2.935e-1
8.000e1		1.9033	2.350e-1
8.297e1		1.8874	1.981e-1
8.500e1		1.8750	1.865e-1	
8.680e1		1.8670	1.771e-1
9.080e1		1.8536	1.620e-1
9.517e1		1.8425	1.490e-1
1.000e2		1.8323	1.390e-1
1.200e2		1.8191	1.200e-1
1.500e2		1.8227	9.620e-2
1.670e2		1.8296	8.300e-2
1.778e2		1.8326	6.900e-2
1.884e2		1.8315	5.700e-2
